5555555555'5 77
³⁶²5⁶55505555551555555555555g557555 77777777 77

7 77 555 555555555555555555555 55555575555rt515ffh2

7777777 5555555 77777 5555 55555555555555557
55555555. 77777 55555555555555 555555555555
5557555 777 5555557555555555555555555.
77777777 7 55 5555555555555 5555 7777777777
7777, 555 555 555 55 5555 777 55555 7 py 55555
5 5555 5555555 555 5555555 7777777 777777777777777777
77777 555 555 555555555 55555555555555 5555555555555555555
777-77 5555555 '⁶555 555 55755555 77777777 555 5555555 55 7777777777
555 555555 5555 77 5555 555 555555555555555 777 5555 ,7777

77777777 55555 7777 7 5555 5553 77777777 555555 57'5555555555557
55 5555555555 777-,77 5 555555 55 7777777777

*’ 5555555 5555 77777777 55555

555555555555 555555 55555 5555555 555555' 555555555555
5 555 5555 555555 555555 55555555555555555555
55:557 ’ 7777 7777777777777 5555555555

'55555525555 505³ ’7777777 ’

7 77777 777

⁶¹5) 5 7 77 55 555 7 5555 77. 5555 555051555555575555555
7 555555 5555 77777777 555555555'5 5575555555555555555
5555555 77777 5555, 7777777777 55555555555 &agon 7777777707
555555055355555 77777777 7777777, 7777777777 55555 ‚55ch

5555 55555555 55555555: Leti-5 7777 7777777777 777Ἴῖ777777
5. 55 um7

 

