11 111, 1101111111111111,
111111 111111111111111111111111111111111111111111111111.
11111111 1111111111· 111 111111111111 11111 11111111,111111
11111111111,11111111111111111111111111111111111111111
3111111111111111111111111116111111111111,
1111111111111,1111ηη1’1111111111 Ρ1111111111111111111111111.
11111111 111111 1111111 31111111η1111
11111111111111111111111111111111111111111111111111111111
1111111111,111Ρ1111113111111111111111111-
1111111111111111,1111 11111111111111111,
1311111111 1111111 111111111111111111
1111111111111111111311111111111,η1,11111ιό“
111111111111111111111111 111 11111111 01111111,111111111111111.1-
11111111 11111 1111 11111111 1111111111
11111111111111 111111111111111 131111111111111111-
1111131111111111111111111113111111111111111111111111111
111111 1111111111 1111111111111111111111111111111111111
11111111,11111111111111111111111111111111111111111111111
1111 111111, 111111 1111111111 11111111111111,1111111113111-
11111111, 1111111111111111111111111111 1111111111 11111111
11111111111111111111111111111.111111111111111111111111111111
(11111111111111111 11111111111111111111111 1111111111 111111
111111111111111 11111111111111111, 1111111 1111111111 1113111
,11 1111111111111111111111111111111,1111111111111111111,1111111
1111111111111111 1111111, 11111 1113111 11113 1111111
1111111111 1111111111 1111111111 1111111113 ,1111111111 0 111
111111 (1111111111 ό1111111111111111111111111111116111-
111131111111111111 11111111111111111111111111, 1111111111
11111111111111111111111111111 1111111111 1111111111111111111
1111111111· 111111 1η 11111111111111111111. 1111111111 11111111 1111111
111111 11111111 11111111 1111 1111111 (C 11111111 1111111111.
(31111111111111111 1111111111111111111, 111 1111111111

1111111111. 111111111111111111111Ε11111

1111111111

 

