666 166 66066661 666666
6666666666 66 6666666666) 666 66 666: 666 66 666 666666,
666 6666666666666666666666666 6666666666 6666666666

Q 6666666666666 6666666666 666666666 66666 6666 6666

compositi 6))666666) 6666 ,66666666 6666666 6666 66666) 666
[66666666666666666 666 66666666666 666 66 6666666666

666666 66 6) 6 6 6666 6666666666 666666 6666666666, 66
6666666666 66666666 6666 666 6666666 ,666 6666666 66 6666 .-
666666.) 6666666 66)(66 66 666 666 6))6666, 6666666666 6666666

6666) 6 66666666 6666666 6666 6666), 66 6666666. 6666 66 pa J
’ 6666 6666666 6666 66666666, 66 6666666 6666666 66666666 Γ
1666 66 6666666, 666 [6666 tionem 66666666 ,66)66 6 666, 66666·
go 666666666666666666666 666 6666666 66666 6 66666666.
[6 66666 66 666666 6666 66666666 66666666 6 6666666 6,) 66666666
propter 6666666666 666666 66666666, 66666666 66666 ex 66666. 666
6666666666666666 66666666666666666666 666 6666-
66636 6666 666 666[6666.¹66 6666666666 66666. 6666666666 66666
6666666666 66666666 6666666666 ) 6666666 6666666666
, 6666666666 aff 6 66 66 6666666 666s666 666666666666
³ 36666666 666 66. 6666666666666666666666666666666666666
ΓΓΓΟΓΓΓ, 66666666666666666666666 6,)666 666666666‘6666666’6 6666-
6666 6666666666666666666 666666 6666666666 66666666666666
mmeipfhs 66 6))6666 p 6666 6666 6666 666666 6666 666ι
6666 6666666666666666 ,6666 ,666 6666666666-
666666 )) 6666 66 666 6666666 66666666 666 6666))666666 66
66, 6wa ς6,,6666 66 666¹: 66 6666 6666 66666666 666) 666 *666666 6666 66666
. ᾸΞΓΓΓΓΓΟ 6666666666666666666666 6)) 66 666666666666366',66616
,,,,,,,,,,, )6666)66666 666. 66 6666 6666, 6666666f6g6
,66666666 m 6666 6666666666 6666666), 66666 666 ¹66 6666666666
ΓΓΓΓ) ΓΓΓΓ 6666 66 6 66666 666 6666 66 66666 666 6666666666 6666666666
666 c ud 6666 6666 6,(66666666666 666 6) 6666 66666666 66666666, ,66 66666 666
ΓΓ ΓΓ 6666666666 66666,- 6666666666) 666 66666 6666 6666 66666 66666666
6))6666666666666666666 66 6. 6666666666 6666 6666666,
6666

 

