⁴ 44544444444444444441 557

555· 5555555 tes 44444q44444444s444e 5555555055555, 655555

aff» 55555555 555555 5555555, 5555 55555 5555555555 for
4444444444: 55555555 v'41'4444444444 4444 Q 55555555555575555,
&444 444444 44 4444‘44444 Q 4³44 14 44 55555 5555555, 4444,Q
fiQ 4414 444 t44444444444 555555, 7555555555) 04444444440,44444444
4444 444444414244444444 444444444444444411444
444444, 444444444444444444444444 5555555 4444444444144044

444444444 444 44444 5555555555 4444444 55555555 - ,Ὶ

3440 444·

R4444444 5555555 444444 ,55555 555 7557 56, 5,,,5 ,5,
5 5555555555557555555 4444444464644444444101102
444 5755555 555555,55,5557,555 5555557555 444444444444444
5555, 4444 5755555555 5555555555 5757, 55775· 5555555555 555
444 57555755, '044‘4444 5555555555 555555 755555555555555

644414420244444464444644444444064444444[:}4·44444064446-
575 444 5775· 4444 4444 44 444444444, 444· 4444 4444 44444'4 444444, 5555555
[4444J⁴ 77555· 775555 ,5 ,557 4444-4444
5555557557 5555, 55555 5555555555.
,5555555 44g44444, 555557 4444444444444444444

55 5555, 644444 55555 44 555575 7557 555557
4444444444 444444 557555 44444444-44 444444H4444
44444 5555 44⁴4> 5555555555 5555755555ιί5
5 444 44 ,555 444444'44,4 444! 44444'44444424444 5557, (375

7555555555, 444 4444 [4¹ 555555 5 5 5,, ιΓ55555 4444 7555555
755555 ,755 7 555555 757 ,575555555555755 ’· 55

7555555555 5 ,5575555575 555, 46 [44444464 755 5755

4444 5555555, 7 444 7555555755, 5555557555

55557 5555555555· 5, 5555555 ,7 5555557555555557557555
444 6444 4444 555555· 5555555555 4444444444444

44444444 55755557 55555555 555 5555555555 5755557 44 5557755755 4444

5555 5555 5555555555 5055755555 55555555 5 555555, 5575555, 57,-
4³ 2 4444

 

