1115111111 11111111 <1¹11 33
115 '‘11111155 551511Q51155551515 5:515 51515515555155511'511

51'5' 55555555 1515511515 1111
111111 111111111181111111111111111111111111111.
,11111111111111111111111111111

111’ 5 ·11)1,,11·<)1 1511515151115511155
1111111111 111111111111111111111111.
855515551551111515151555111.1 11111111111, 5511115355

111111111111111111111111111111111111111
11111, 1111

11111 1511 1113111111 11551511'2

1111111111 1111111111
1101 555151551111155 111111

’.11111111 555515
51 5551' l1511515551111111551 5511511115111 11111
111,11111111111111111111111111111111111

1111111111111111 11111111 1111 ,111 111 1111 1115
11111 11111 15111511115 1111

5555551
115555551 111111
1111111111111111111111111 111111111
1111111111) 11111111 11111111 1111111111111 1111111· 1111111 55 5511·
111101111111111111111111111111111111111111111111,11
111111111111111 1111111111 111 111111111111111111111111 81-
111111· 111-111111111111111111111111111)1111111111

11111,111111111111111111111111111111111131111111111.

111111 1111111111 ,1111111 11111111· (11111118

1111111111 111111111111111111111111111111111
111111, 5555115510: ὃ( 5105555555151515 1111
,111111111111111111111111111181 555515151115115 555
5111111. 5115555555 150555555555 11111111 5555551511 111,
11111111101111111111111111111ηο 155 111111111111111
55505505115151551510555.55 11111111111111111 1111111111

3011011111

’ 1111111) 1111111111 111111 1111111 1111111111 1111111111)

1111111111..11111111Ρ1111111111111111111111111·11111111111Ῑ1111111

11111111111111111111111111111η111111111111111111111111 '5'3'155'5
ἓ’ 1 5

(511 Paulus 1111111 11111 1 cap 1. ) 11111111 1515551 111 ,,,,,,,,-,,,,
1111111111111111111111111111.1111111111 5555 515 11111111 51011 ,ἃ

5551555515

1111111111 5111512151151155155& 6111111 1ἓ1111111111Ῑ11111111ιω,
. 111111

 

