70 ((3. 440444c444 444444.

Ἴ 44444444444 ὁ(3333333333 (33333333 4444444444444
44444 44,-4444 444 (33333 (3 444444444444444 ,3333333333
33333( (3 ,33 ,(3333 3 333333 (33333 444444443

(33 ((3 444 (3(( (3(( (4444444 (3 4444, 34 4444444444

(33333 ((3333, 4444 44444444444. (3(( (33.3( 33333
,⁰,⁰⁰,⁰⁰⁰, (3, 333333( 4444, 444 444 333 4444444 (33. 4444 4444444444'4
4444444 44 4444 444444444444444 33333333( 3333 44 ‚4444
³⁰⁰⁰* (33333 4 3333333333, 333333( 44444 (333333 444 ,4444
44444444 444 4444444, (33333333, 4444 444444444 333 ((3(

44, 44 33((3ι33(((3(,3(3(3 (3333( (3333333333

3333 ’,(3333( 4444444 4444 ((333 44444'4 (3 33333. 44

(3333 3( (3 333( 33333( 44444444 44 33333333, ((3, (3 333 4444

(33333. ((33.3, (3333333333 (333 333333(

444444444 444444444'444444440444 33333 4444 444 3333 3313333333
ffissffj ,⁰⁰ (33( (3 4444444444 ((3( 444 (3333 33333 3333333333
4444 444 (ε 3333333 444, (3 333333( 44 3333333333 4444444444
¹¹³⁰⁰¹²⁰⁰ 3 3 ((3(.- 3333( 4444444444444 44 3333333333(
444444'4 444 (3333( 33 333333 444444 4444444 44444444: 444

4444 (3333((3 4444 (33 44444444‘4 (33333333 44 ((3333

444444 44444 333 44 4'4, (33 33333( 4444444'444 3 33333333,

(3333( 3333 444444444 3 ((33 (33 ((3( ((3( 4444

((3333 ((3 444444, (33 44 4444444 444444444 444 44, 44444'4
{iffwc 4444. (3( 44444 ((333. 4444, 4444 44444444444444 4444
” 33333333( (333333 (3((33333333(3333333333 ((-
33333, 3( 4 444 ((3 33333 (3333 3333( 3333333333 444 ((3

((3( 33 4444 (3333 (3333 (33((3 (333333 (3333( 444. Q44444 444

(33 333( 3333333333( (ὁ (( ,444344 (3( 4444444444 4444ae

33( (3 444444444 4 44 44 33333 (333, ((33 ((3(, 3( 4444·

,4444 4444 33 44444444444 444 4444444 44,444 3333333 N4444

44444 44 ((333( ,333333 4444444444444444‘4 ‚4444 ,(3

3333 (3(( 44444 ((3( 3 333333 4444· 3,(333 4. 4444 4444

333333( (3( 33 333333333333333 4444 4444444

4444

 

